Randomly generated map
0 []
1 [916.35994652834711]
2 [819.81445828421283, 127.47245232110816]
3 [773.30131097495087, 80.959305011846311, -232.56573654630927]
4 [335.38109934249752, 580.97884718584953, 391.40706432319155, 437.9202116324534]
5 [738.8411949906515, 371.4361007614184, 326.9798027175309, 327.78150388306216, 403.46009564815404]
6 [794.75058051042356, 367.61161868939683, 323.15532064550933, 323.95702181104059, 459.3694811679261, 407.31582342166342]
7 [810.4913480023738, 105.86859852597331, 15.700854338355214, 14.899153172823958, 475.11024865987622, 265.56750223544509, 261.74302016342352]
8 [563.1379760397059, 353.2219704886412, 163.65018762598322, 117.13704031672137, 227.75687669720836, 175.70321895094571, 231.61260447071771, 247.35337196266789]
