45.4406989,-73.4941312
45.4404792,-73.4941675
45.4404942,-73.4954358
45.4379708,-73.4954014
45.4377539,-73.4950753
45.4374198,-73.4947511
45.4340084,-73.4909835
45.4360842,-73.4915390
45.4367045,-73.4916334
45.4372827,-73.4917364
45.4378127,-73.4919080
45.4383246,-73.4921226
45.4339056,-73.4912259
45.4350135,-73.4913884
45.4388726,-73.4923801
45.4396194,-73.4927578
45.4402638,-73.4930153
45.4407637,-73.4931526
45.4413342,-73.4932557
45.4415871,-73.4932814
45.4424508,-73.4932857
45.4447443,-73.4930668
45.4458041,-73.4929638
45.4470506,-73.4928608
45.4492725,-73.4926634
45.4522109,-73.4924230
45.4527648,-73.4923973
45.4536499,-73.4924316
45.4548962,-73.4925346
45.4567423,-73.4926728
45.4399492,-73.4731058
45.4419601,-73.4726671
45.4436054,-73.4720455
45.4454701,-73.4709852
45.4444961,-73.4715451
45.4453843,-73.4712581
45.4441048,-73.4720832
45.4433692,-73.4724832
45.4427669,-73.4727406
45.4420142,-73.4729123
45.4411476,-73.4730703
45.4401533,-73.4733157
45.4395451,-73.4736161
45.4381472,-73.4745644
45.4628341,-73.4933560
45.4594424,-73.4932244
45.4570694,-73.4930560
45.4412110,-73.4560681
45.4349029,-73.4900350
45.4329962,-73.4863386
45.4333726,-73.4840099
45.4330596,-73.4840082
45.4333772,-73.4831023
45.4352101,-73.4777059
45.4353547,-73.4784955
45.4354390,-73.4792852
45.4354104,-73.4815997
45.4329086,-73.4905711
45.4333844,-73.4905711
45.4338603,-73.4906398
45.4357088,-73.4909446
45.4379377,-73.4915067
45.4386303,-73.4918500
45.4353105,-73.4793280
45.4352322,-73.4785641
45.4350937,-73.4778260
45.4352170,-73.4813227
45.4352310,-73.4791653
45.4351731,-73.4785595
45.4350312,-73.4778489
45.4348081,-73.4771414
45.4318067,-73.4788200
45.4320355,-73.4795413
45.4324133,-73.4803085
45.4328211,-73.4809154
45.4333278,-73.4812835
45.4340899,-73.4813101
45.4373985,-73.4716714
45.4379977,-73.4741341
45.4379304,-73.4723311
45.4354893,-73.4725726
45.4351279,-73.4714139
45.4345497,-73.4717572
45.4311888,-73.4618180
45.4302974,-73.4623588
45.4382139,-73.4740170
45.4399581,-73.4729160
45.4455887,-73.4697831
45.4416323,-73.4719289
45.4412830,-73.4708131
45.4381657,-73.4727639
45.4382176,-73.4760144
45.4381272,-73.4747613
45.4388740,-73.4751132
45.4387054,-73.4743751
45.4477565,-73.4729589
45.4469556,-73.4705041
45.4442398,-73.4721521
45.4435473,-73.4725726
45.4435654,-73.4737743
45.4451310,-73.4737399
45.4464558,-73.4736369
45.4470520,-73.4734567
45.4370716,-73.4636924
45.4374089,-73.4649198
45.4375775,-73.4657953
45.4376498,-73.4671857
45.4379087,-73.4708164
45.4381231,-73.4743069
45.4358502,-73.4595374
45.4341235,-73.4543929
45.4359749,-73.4719291
45.4357762,-73.4720407
45.4356803,-73.4719064
45.4366861,-73.4623105
45.4376919,-73.4678552
45.4338549,-73.4662643
45.4353004,-73.4706073
45.4350956,-73.4699550
45.4372638,-73.4710365
45.4369933,-73.4914530
45.4381376,-73.4918479
45.4401972,-73.4928215
45.4412484,-73.4930582
45.4432283,-73.4930568
45.4458580,-73.4927748
45.4410181,-73.4856561
45.4409728,-73.4841666
45.4392877,-73.4839134
45.4392886,-73.4843950
45.4396051,-73.4843925
45.4396337,-73.4866932
45.4396259,-73.4876044
45.4405971,-73.4876070
45.4424757,-73.4775924
45.4424517,-73.4760389
45.4421995,-73.4756833
45.4420128,-73.4753400
45.4417960,-73.4755889
45.4415552,-73.4760094
45.4413865,-73.4764128
45.4412962,-73.4767819
45.4412540,-73.4771682
45.4412540,-73.4776145
45.4521930,-73.4755755
45.4520726,-73.4754811
45.4519642,-73.4754553
45.4518679,-73.4754982
45.4519642,-73.4757900
45.4512417,-73.4762965
45.4507901,-73.4762192
45.4501102,-73.4766590
45.4499597,-73.4763844
45.4498152,-73.4764015
45.4498267,-73.4769144
45.4497183,-73.4773436
45.4431164,-73.4731218
45.4402142,-73.4943305
45.4401359,-73.4945279
45.4401239,-73.4948112
45.4401991,-73.4950753
45.4402142,-73.4954978
45.4613154,-73.4926471
45.4607940,-73.4782566
45.4347873,-73.4767323
45.4346856,-73.4764739
45.4348016,-73.4764039
45.4348986,-73.4766487
45.4353451,-73.4905096
45.4406867,-73.4932965
45.4402626,-73.4932020
45.4398927,-73.4930690
45.4393859,-73.4928457
45.4388704,-73.4926027
45.4382882,-73.4923392
45.4380593,-73.4922277
45.4369377,-73.4919546
45.4365707,-73.4918924
45.4344459,-73.4916097
45.4340542,-73.4846917
45.4339518,-73.4846059
45.4353069,-73.4846746
45.4353913,-73.4846832
45.4353064,-73.4815989
45.4355780,-73.4847604
45.4354937,-73.4846917
45.4395529,-73.4950086
45.4391916,-73.4952060
45.4389808,-73.4952489
45.4387640,-73.4952661
45.4385592,-73.4952489
45.4383063,-73.4952317
45.4381376,-73.4952060
45.4379088,-73.4950343
45.4377462,-73.4949056
45.4376317,-73.4948112
45.4375835,-73.4946824
45.4376317,-73.4945279
45.4376980,-73.4944078
45.4377281,-73.4942533
45.4375474,-73.4939185
45.4373366,-73.4937812
45.4370535,-73.4936181
45.4367645,-73.4935237
45.4365356,-73.4934636
45.4363368,-73.4934207
45.4362043,-73.4933606
45.4361020,-73.4931976
45.4360779,-73.4930173
45.4360779,-73.4927770
45.4360779,-73.4925281
45.4360237,-73.4923307
45.4359153,-73.4921247
45.4357888,-73.4920388
45.4353792,-73.4918414
45.4354635,-73.4906302
45.4354937,-73.4850007
45.4355298,-73.4848634
45.4356502,-73.4847089
45.4357526,-73.4847003
45.4360165,-73.4847538
45.4363368,-73.4847346
45.4365357,-73.4846423
45.4366787,-73.4846015
45.4368816,-73.4846034
45.4370776,-73.4846746
45.4372523,-73.4847432
45.4374270,-73.4847346
45.4375835,-73.4846059
45.4377404,-73.4845428
45.4320185,-73.4796533
45.4321901,-73.4800423
45.4324238,-73.4804563
45.4327712,-73.4809518
45.4329389,-73.4811383
45.4331362,-73.4812969
45.4334339,-73.4813808
45.4353075,-73.4813973
45.4354139,-73.4813987
45.4378994,-73.4845438
45.4371052,-73.4814102
45.4378287,-73.4814095
45.4385144,-73.4813587
45.4391958,-73.4813494
45.4419954,-73.4810068
45.4454640,-73.4806378
45.4456808,-73.4806378
45.4459397,-73.4807236
45.4463612,-73.4809467
45.4467286,-73.4812729
45.4469815,-73.4816076
45.4471922,-73.4819424
45.4473548,-73.4823200
45.4474451,-73.4826805
45.4474933,-73.4832298
45.4475355,-73.4845516
45.4476545,-73.4905872
45.4477160,-73.4924610
45.4475534,-73.4924867
45.4475100,-73.4905872
45.4474090,-73.4862082
45.4473488,-73.4835903
45.4473307,-73.4828350
45.4472765,-73.4825604
45.4472163,-73.4824230
45.4470959,-73.4821226
45.4469092,-73.4817707
45.4467105,-73.4815046
45.4464817,-73.4812815
45.4463131,-73.4811270
45.4460782,-73.4809811
45.4458133,-73.4808781
45.4456206,-73.4808437
45.4453857,-73.4808437
45.4450666,-73.4808952
45.4436815,-73.4810583
45.4406102,-73.4814360
45.4391958,-73.4815554
45.4385084,-73.4815733
45.4378398,-73.4816159
45.4342383,-73.4815885
45.4317051,-73.4787122
45.4316424,-73.4784783
45.4333891,-73.4877703
45.4340757,-73.4877531
45.4333784,-73.4886485
45.4340937,-73.4867918
45.4347714,-73.4855415
45.4346673,-73.4886743
45.4342443,-73.4821398
45.4496057,-73.4713877
45.4494346,-73.4715858
45.4493165,-73.4718478
45.4487729,-73.4730334
45.4480276,-73.4734541
45.4471079,-73.4740288
45.4466864,-73.4742262
45.4462047,-73.4743292
45.4445005,-73.4743979
45.4543083,-73.4691200
45.4434467,-73.4744579
45.4429182,-73.4746152
45.4424424,-73.4748813
45.4419064,-73.4753019
45.4415511,-73.4758254
45.4413042,-73.4765550
45.4411958,-73.4772588
45.4412065,-73.4781487
45.4412653,-73.4801931
45.4413630,-73.4822600
45.4414353,-73.4831526
45.4415363,-73.4835405
45.4418568,-73.4841654
45.4426277,-73.4852383
45.4428927,-73.4857790
45.4430021,-73.4860971
45.4430914,-73.4867403
45.4431215,-73.4875128
45.4424290,-73.4875128
45.4410387,-73.4873524
45.4408426,-73.4873678
45.4406869,-73.4875472
45.4406343,-73.4877016
45.4406715,-73.4898479
45.4408632,-73.4900190
45.4348125,-73.4690967
45.4570827,-73.4922207
45.4539303,-73.4926830
45.4528641,-73.4925897
45.4463370,-73.4931219
45.4459817,-73.4931648
45.4452081,-73.4932252
45.4444281,-73.4933107
45.4433321,-73.4934051
45.4420343,-73.4934491
45.4419563,-73.4934569
45.4416601,-73.4934427
45.4414982,-73.4934255
45.4413243,-73.4934041
45.4411477,-73.4933848
45.4437207,-73.4953967
45.4434104,-73.4952762
45.4433863,-73.4948385
45.4433321,-73.4945037
45.4392867,-73.4922105
45.4397986,-73.4924251
45.4409248,-73.4928199
45.4525149,-73.4920146
45.4547021,-73.4920732
45.4562395,-73.4921858
45.4576173,-73.4922663
45.4423626,-73.4931132
45.4354572,-73.4917328
45.4354931,-73.4909096
45.4354409,-73.4907032
45.4355407,-73.4908286
45.4350212,-73.4916823
45.4428955,-73.4723795
45.4352508,-73.4917116
45.4352906,-73.4908756
45.4371842,-73.4863190
45.4360098,-73.4863791
45.4370999,-73.4853749
45.4371722,-73.4854865
45.4372445,-73.4904475
45.4371849,-73.4912149
45.4348594,-73.4832206
45.4372083,-73.4873061
45.4359978,-73.4873748
45.4360038,-73.4882846
45.4365519,-73.4883446
45.4365458,-73.4892459
45.4359857,-73.4892545
45.4359556,-73.4901986
45.4393042,-73.4881215
45.4386056,-73.4881816
45.4379603,-73.4882249
45.4372324,-73.4882417
45.4385662,-73.4848708
45.4384972,-73.4792981
45.4379121,-73.4849204
45.4378226,-73.4802422
45.4365946,-73.4826221
45.4365639,-73.4816413
45.4365639,-73.4814095
45.4392560,-73.4848599
45.4360218,-73.4853663
45.4391181,-73.4789411
45.4371059,-73.4810748
45.4371421,-73.4807400
45.4370879,-73.4806714
45.4370156,-73.4807057
45.4369855,-73.4808001
45.4384670,-73.4740538
45.4385447,-73.4742897
45.4446759,-73.4852290
45.4416529,-73.4848256
45.4395631,-73.4845938
45.4376721,-73.4846711
45.4340042,-73.4848685
45.4476446,-73.4856152
45.4495835,-73.4858556
45.4517451,-73.4856839
45.4546533,-73.4855208
45.4576576,-73.4853148
45.4326851,-73.4829545
45.4607159,-73.4851002
45.4634490,-73.4849372
45.4664949,-73.4847312
45.4677791,-73.4938400
45.4673348,-73.4874880
45.4715094,-73.5040845
45.4309083,-73.4804396
45.4691968,-73.4976527
45.4261339,-73.4687164
45.4272062,-73.4718922
45.4281820,-73.4748448
45.4293205,-73.4781407
45.4249834,-73.4652746
45.4236942,-73.4414395
45.4236099,-73.4443663
45.4235497,-73.4472073
45.4235135,-73.4498165
45.4233990,-73.4536789
45.4232424,-73.4602192
45.4241701,-73.4628199
45.4340631,-73.4790493
45.4340650,-73.4778156
45.4341525,-73.4813821
45.4348810,-73.4791118
45.4344086,-73.4770020
45.4349551,-73.4772509
45.4345163,-73.4759972
45.4342935,-73.4767315
45.4350184,-73.4770589
45.4352049,-73.4764629
45.4346464,-73.4760034
45.4348487,-73.4761750
45.4350747,-73.4762030
45.4363088,-73.4789743
45.4365693,-73.4798613
45.4360799,-73.4802102
45.4359775,-73.4801759
45.4359414,-73.4803047
45.4359956,-73.4803905
45.4360739,-73.4803390
45.4376819,-73.4770860
45.4377422,-73.4780645
45.4360317,-73.4791374
45.4359414,-73.4790601
45.4358872,-73.4782018
45.4381758,-73.4767942
45.4383264,-73.4767513
45.4405486,-73.4802446
45.4398862,-73.4803047
45.4398440,-73.4777898
45.4401211,-73.4775838
45.4405005,-73.4776096
45.4425480,-73.4780559
45.4432345,-73.4780130
45.4431803,-73.4756784
45.4431020,-73.4755926
45.4425059,-73.4759702
45.4419578,-73.4801072
45.4419458,-73.4791202
45.4446437,-73.4788198
45.4446677,-73.4797468
45.4420060,-73.4812574
45.4406570,-73.4823818
45.4400066,-73.4824247
45.4399103,-73.4825706
45.4399163,-73.4833688
45.4400126,-73.4835576
45.4411750,-73.4836864
45.4436801,-73.4808282
45.4437705,-73.4840125
45.4426684,-73.4838924
45.4422047,-73.4832572
45.4421445,-73.4829826
45.4420843,-73.4822530
45.4437163,-73.4820556
45.4423071,-73.4863042
45.4411750,-73.4854717
45.4410846,-73.4856777
45.4410726,-73.4863901
45.4420060,-73.4865445
45.4424385,-73.4867061
45.4422071,-73.4860855
45.4419742,-73.4857226
45.4416567,-73.4864501
45.4486179,-73.4814119
45.4487865,-73.4811458
45.4489371,-73.4808111
45.4499605,-73.4779774
45.4500267,-73.4778229
45.4482868,-73.4816694
45.4494549,-73.4793949
45.4471306,-73.4782533
45.4471788,-73.4779100
45.4471607,-73.4775924
45.4461732,-73.4743394
45.4464141,-73.4751891
45.4461792,-73.4753093
45.4452278,-73.4753780
45.4453241,-73.4796438
45.4458902,-73.4797038
45.4466248,-73.4799957
45.4466971,-73.4760990
45.4464743,-73.4762191
45.4459624,-73.4763221
45.4459865,-73.4772491
45.4459986,-73.4778499
45.4459986,-73.4786996
45.4466489,-73.4789914
45.4468777,-73.4791202
45.4463237,-73.4772491
45.4465015,-73.4777973
45.4445292,-73.4754466
45.4445895,-73.4778327
45.4439451,-73.4778671
45.4438668,-73.4754896
45.4476726,-73.4764938
45.4474799,-73.4764079
45.4471005,-73.4752492
45.4477087,-73.4748372
45.4479496,-73.4755239
45.4474678,-73.4772319
45.4471306,-73.4774379
45.4450712,-73.4819011
45.4451254,-73.4841756
45.4444690,-73.4841155
45.4444208,-73.4819869
45.4444690,-73.4819183
45.4457758,-73.4818668
45.4460287,-73.4820041
45.4459383,-73.4821929
45.4458119,-73.4821758
45.4450652,-73.4806823
45.4390097,-73.4776794
45.4409369,-73.4753190
45.4439530,-73.4915354
45.4454035,-73.4910757
45.4468597,-73.4906215
45.4482807,-73.4905357
45.4497439,-73.4903898
45.4511599,-73.4902836
45.4520200,-73.4901838
45.4527184,-73.4901237
45.4530797,-73.4901237
45.4532362,-73.4902267
45.4533867,-73.4903898
45.4535854,-73.4906473
45.4538022,-73.4909477
45.4540370,-73.4912223
45.4541574,-73.4913425
45.4543200,-73.4913940
45.4546993,-73.4913940
45.4555061,-73.4913253
45.4556505,-73.4912223
45.4557830,-73.4910850
45.4558793,-73.4909305
45.4562647,-73.4901752
45.4563489,-73.4900379
45.4564934,-73.4898834
45.4566342,-73.4897999
45.4347730,-73.4761239
45.4349716,-73.4761974
45.4546769,-73.4689774
45.4494738,-73.4713922
45.4492679,-73.4717630
45.4487884,-73.4729358
45.4481658,-73.4733121
45.4471868,-73.4703603
45.4561214,-73.4684808
45.4487276,-73.4789723
45.4483422,-73.4798049
45.4482519,-73.4797362
45.4481375,-73.4795732
45.4480652,-73.4794015
45.4480050,-73.4792127
45.4479930,-73.4789981
45.4480171,-73.4787406
45.4480773,-73.4785260
45.4481315,-73.4784144
45.4469452,-73.4819335
45.4464289,-73.4826661
45.4465599,-73.4830493
45.4466201,-73.4835214
45.4466201,-73.4842509
45.4466080,-73.4845943
45.4465418,-73.4849204
45.4455000,-73.4847573
45.4454458,-73.4827403
45.4461323,-73.4827060
45.4461203,-73.4825686
45.4462001,-73.4824430
45.4462904,-73.4823915
45.4467706,-73.4817103
45.4411123,-73.4872795
45.4411326,-73.4869645
45.4409900,-73.4869402
45.4410121,-73.4864028
45.4411095,-73.4854003
45.4393198,-73.4868320
45.4393198,-73.4866946
45.4424661,-73.4915903
45.4419362,-73.4915302
45.4400211,-73.4905947
45.4399970,-73.4905088
45.4399669,-73.4881571
45.4406354,-73.4881313
45.4412649,-73.4913336
45.4405227,-73.4909147
45.4418940,-73.4919765
45.4410027,-73.4924057
45.4403463,-73.4914616
45.4432369,-73.4905775
45.4439596,-73.4904831
45.4446099,-73.4902771
45.4445016,-73.4859684
45.4444474,-73.4858911
45.4439234,-73.4868610
45.4445256,-73.4868439
45.4403741,-73.4922540
45.4437008,-73.4857841
45.4384888,-73.4817111
45.4470719,-73.4702214
45.4474134,-73.4712483
45.4478169,-73.4724928
45.4481179,-73.4734112
45.4487141,-73.4752566
45.4490272,-73.4762179
45.4491476,-73.4765269
45.4493042,-73.4768359
45.4494667,-73.4771363
45.4497076,-73.4774538
45.4504964,-73.4781405
45.4508757,-73.4783465
45.4511768,-73.4785010
45.4517247,-73.4787756
45.4522245,-73.4789816
45.4526993,-73.4791224
45.4533203,-73.4793078
45.4539284,-73.4794108
45.4584017,-73.4797541
45.4588653,-73.4796597
45.4592929,-73.4794979
45.4598285,-73.4792134
45.4602259,-73.4788615
45.4605570,-73.4785181
45.4606315,-73.4786943
45.4603162,-73.4790245
45.4598887,-73.4793679
45.4593531,-73.4796953
45.4589074,-73.4798571
45.4583897,-73.4799601
45.4539705,-73.4795910
45.4533203,-73.4794709
45.4526873,-73.4793112
45.4522064,-73.4791619
45.4517066,-73.4789559
45.4511346,-73.4786555
45.4508456,-73.4785096
45.4504663,-73.4783036
45.4496173,-73.4775912
45.4493644,-73.4772393
45.4492018,-73.4769474
45.4490332,-73.4766213
45.4489007,-73.4763123
45.4477205,-73.4725615
45.4472990,-73.4712998
45.4469665,-73.4703000
45.4576717,-73.4799200
45.4608963,-73.4783767
45.4621321,-73.4764674
45.4624254,-73.4760936
45.4629130,-73.4754327
45.4631960,-73.4751152
45.4634910,-73.4748834
45.4638040,-73.4747204
45.4640929,-73.4746259
45.4644662,-73.4745744
45.4629371,-73.4755701
45.4624616,-73.4762052
45.4622104,-73.4765532
45.4463811,-73.4683925
45.4364274,-73.4614592
45.4391714,-73.4670335
45.4377802,-73.4689905
45.4369792,-73.4632827
45.4386836,-73.4710418
45.4385812,-73.4705440
45.4385390,-73.4696771
45.4390269,-73.4693424
45.4391112,-73.4694368
45.4393400,-73.4703123
45.4400627,-73.4698316
45.4542153,-73.4750169
45.4493385,-73.4748386
45.4564742,-73.4758616
45.4490981,-73.4738703
45.4498259,-73.4734118
45.4498319,-73.4732659
45.4497657,-73.4731029
45.4496814,-73.4731286
45.4496212,-73.4732402
45.4391110,-73.4929910
45.4401620,-73.4933270
45.4403860,-73.4933430
45.4381390,-73.4938030
45.4473870,-73.4931480
45.4485266,-73.4824183
45.4486109,-73.4825556
45.4487494,-73.4826929
45.4488879,-73.4827530
45.4493816,-73.4827273
45.4497309,-73.4826929
45.4499055,-73.4826328
45.4501162,-73.4824955
45.4503571,-73.4823153
45.4512181,-73.4815428
45.4513506,-73.4814570
45.4515613,-73.4813883
45.4525488,-73.4813282
45.4493816,-73.4820234
45.4493997,-73.4817574
45.4496285,-73.4811480
45.4502969,-73.4792425
45.4508087,-73.4795000
45.4508629,-73.4805987
45.4508026,-73.4807703
45.4501042,-73.4813711
45.4499838,-73.4813883
45.4505257,-73.4827101
45.4505919,-73.4829075
45.4506100,-73.4836714
45.4506461,-73.4847014
45.4494479,-73.4847958
45.4488517,-73.4847185
45.4488277,-73.4838774
45.4488758,-73.4837744
45.4480870,-73.4846070
45.4481533,-73.4845211
45.4481231,-73.4829247
45.4496586,-73.4766934
45.4568595,-73.4922138
45.4568235,-73.4930184
45.4567424,-73.4922019
45.4567606,-73.4924655
45.4365307,-73.4821281
45.4350915,-73.4573543
45.4488990,-73.4804039
45.4491459,-73.4796486
45.4491398,-73.4794941
45.4490736,-73.4793825
45.4489652,-73.4792881
45.4488448,-73.4792967
45.4487545,-73.4793482
45.4484594,-73.4801207
45.4484775,-73.4802923
45.4485377,-73.4804468
45.4486702,-73.4804983
45.4487846,-73.4805069
45.4497148,-73.4894081
45.4496727,-73.4865242
45.4482757,-73.4863354
45.4482349,-73.4866346
45.4483118,-73.4894853
45.4490103,-73.4894424
45.4489688,-73.4864290
45.4483359,-73.4916225
45.4531469,-73.4912363
45.4454460,-73.4919425
45.4468132,-73.4916905
45.4468504,-73.4915097
45.4470628,-73.4815009
45.4474362,-73.4813378
45.4474783,-73.4801533
45.4475807,-73.4800589
45.4475807,-73.4798873
45.4480022,-73.4798873
45.4480142,-73.4794066
45.4479179,-73.4790976
45.4480022,-73.4784625
45.4476770,-73.4776986
45.4467136,-73.4811061
45.4468400,-73.4812434
45.4469605,-73.4813979
45.4736054,-73.5056446
45.4757781,-73.5072410
45.4778605,-73.5087688
45.4805446,-73.5103481
45.4829277,-73.5113094
45.4851422,-73.5121935
45.4873325,-73.5130689
45.4894867,-73.5139358
45.4859486,-73.5409553
45.4865864,-73.5354021
45.4873386,-73.5297716
45.4881810,-73.5236433
45.4890475,-73.5170257
45.4571036,-73.4931983
45.4570514,-73.4935624
45.4569026,-73.4938317
45.4564210,-73.4943981
45.4561561,-73.4946900
45.4559032,-73.4947758
45.4551807,-73.4947243
45.4542957,-73.4946642
45.4517428,-73.4946556
45.4506650,-73.4945784
45.4490392,-73.4939432
45.4489248,-73.4934626
45.4570049,-73.4931546
45.4490994,-73.4937887
45.4492500,-73.4940634
45.4495029,-73.4942951
45.4497678,-73.4943552
45.4520800,-73.4944840
45.4543128,-73.4944597
45.4549303,-73.4944722
45.4553975,-73.4946127
45.4569189,-73.4935967
45.4569791,-73.4934165
45.4339030,-73.4915360
45.4353817,-73.4919223
45.4354364,-73.4919884
45.4355288,-73.4920199
45.4394309,-73.4951913
45.4394902,-73.4951248
45.4377280,-73.4941209
45.4377829,-73.4940653
45.4318381,-73.4909225
45.4318607,-73.4906113
45.4341170,-73.4855461
45.4348475,-73.4822343
45.4313629,-73.4863551
45.4333514,-73.4894999
45.4347557,-73.4867396
45.4343069,-73.4838667
45.4347592,-73.4838893
45.4347172,-73.4877750
45.4352845,-73.4877809
45.4353797,-73.4877860
45.4328278,-73.4823569
45.4360563,-73.4841495
45.4360655,-73.4826270
45.4371402,-73.4826739
45.4360674,-73.4836618
45.4371083,-73.4836337
45.4407959,-73.4873529
45.4432756,-73.4915796
45.4432941,-73.4928244
45.4425192,-73.4905492
45.4414559,-73.4903612
45.4424807,-73.4921794
45.4425356,-73.4922642
45.4426062,-73.4922587
45.4426390,-73.4921883
45.4426177,-73.4920048
45.4424612,-73.4885140
45.4417907,-73.4920483
45.4418838,-73.4921763
45.4418297,-73.4922324
45.4417710,-73.4922292
45.4417205,-73.4921682
45.4409291,-73.4924611
45.4404255,-73.4923207
45.4426274,-73.4916149
45.4438560,-73.4869404
45.4410655,-73.4855029
45.4413423,-73.4883996
45.4414246,-73.4893242
45.4424999,-73.4894582
45.4460056,-73.4897983
45.4467878,-73.4895245
45.4467531,-73.4871732
45.4459534,-73.4871155
45.4452270,-73.4860598
45.4453296,-73.4899244
45.4453680,-73.4859711
45.4453432,-73.4906149
45.4357609,-73.4847610
45.4524290,-73.4922367
45.4546202,-73.4923154
45.4554533,-73.4758880
45.4552043,-73.4758014
45.4548369,-73.4755642
45.4507485,-73.4739084
45.4511376,-73.4736681
45.4514302,-73.4734821
45.4517197,-73.4733920
45.4519729,-73.4733572
45.4522038,-73.4733744
45.4523968,-73.4734313
45.4525044,-73.4734719
45.4526508,-73.4735465
45.4536309,-73.4744309
45.4530648,-73.4738769
45.4528545,-73.4736839
45.4499612,-73.4744320
45.4496055,-73.4733776
45.4496416,-73.4735516
45.4496941,-73.4735234
45.4522798,-73.4699667
45.4506357,-73.4707163
45.4499839,-73.4711211
45.4555995,-73.4686407
45.4550443,-73.4688318
45.4541871,-73.4691657
45.4428185,-73.4827270
45.4428682,-73.4827861
45.4427834,-73.4821319
45.4430523,-73.4827908
45.4430430,-73.4820890
45.4499157,-73.4763176
45.4504472,-73.4759158
45.4498611,-73.4763080
45.4494594,-73.4752294
45.4486093,-73.4753339
45.4576807,-73.4797453
45.4567448,-73.4796657
45.4566023,-73.4796490
45.4566061,-73.4798075
45.4567493,-73.4798183
45.4353148,-73.4765000
45.4384670,-73.4787574
45.4366115,-73.4798785
45.4458678,-73.4715314
45.4417017,-73.4700543
45.4380192,-73.4723138
45.4388985,-73.4717044
45.4409974,-73.4703236
45.4413283,-73.4701402
45.4459716,-73.4675856
45.4572837,-73.4932206
45.4346575,-73.4570569
45.4408930,-73.4934300
45.4414810,-73.4935160
45.4421170,-73.4935910
45.4404210,-73.4817360
45.4413088,-73.4810927
45.4338265,-73.4734824
45.4347322,-73.4760040
45.4339169,-73.4736987
45.4420196,-73.4725434
45.4435628,-73.4720076
45.4449418,-73.4711349
45.4467873,-73.4699095
45.4465421,-73.4691237
45.4452341,-73.4695491
45.4459478,-73.4704811
45.4382866,-73.4754923
45.4382229,-73.4746766
45.4351854,-73.4774743
45.4350289,-73.4767840
45.4352203,-73.4771821
45.4353027,-73.4779322
45.4413209,-73.4813330
45.4411580,-73.4935020
45.4448660,-73.4933320
45.4476140,-73.4930770
45.4487000,-73.4930400
45.4511840,-73.4947070
45.4629140,-73.4935870
45.4645150,-73.4940790
45.4646810,-73.4944790
45.4648390,-73.4955710
45.4650550,-73.4959480
45.4652420,-73.4961180
45.4653740,-73.4962050
45.4658660,-73.4962560
45.4659460,-73.4962470
45.4433300,-73.4935043
45.4452038,-73.4933315
45.4571937,-73.4933691
45.4632952,-73.4936732
45.4621238,-73.4934794
45.4590299,-73.4933465
45.4572479,-73.4932537
45.4560453,-73.4948431
45.4556660,-73.4948157
45.4557560,-73.4946320
45.4554004,-73.4947888
45.4548064,-73.4946631
45.4560225,-73.4945365
45.4562622,-73.4943383
45.4529068,-73.4946813
45.4526295,-73.4946904
45.4529022,-73.4945078
45.4557022,-73.4949200
45.4494630,-73.4945357
45.4492598,-73.4942839
45.4491729,-73.4942005
45.4495444,-73.4944653
45.4488032,-73.4930317
45.4490218,-73.4929949
45.4490195,-73.4928761
45.4488856,-73.4928880
45.4597358,-73.4932418
45.4444809,-73.4951191
45.4445351,-73.4951878
45.4449506,-73.4951792
45.4444461,-73.4934123
45.4367861,-73.4588573
45.4392778,-73.4924031
45.4404038,-73.4926770
45.4415270,-73.4929315
45.4478598,-73.4716469
45.4342878,-73.4751222
45.4370977,-73.4810093
45.4370013,-73.4807862
45.4370374,-73.4807089
45.4370856,-73.4807004
45.4371217,-73.4807519
45.4574319,-73.4930858
45.4566709,-73.4938845
45.4570824,-73.4933851
45.4567600,-73.4940086
45.4571497,-73.4930634
45.4475685,-73.4862241
45.4452011,-73.4854580
45.4451830,-73.4850976
45.4453155,-73.4858700
45.4448155,-73.4841472
45.4447795,-73.4850203
45.4436059,-73.4839946
45.4435631,-73.4848572
45.4453192,-73.4911016
45.4489868,-73.4855598
45.4499563,-73.4847557
45.4499261,-73.4856113
45.4536304,-73.4853397
45.4538565,-73.4853393
45.4560916,-73.4851822
45.4360147,-73.4849047
45.4358577,-73.4846922
45.4361510,-73.4847849
45.4354585,-73.4875509
45.4359990,-73.4875512
45.4360977,-73.4603225
45.4460284,-73.4778220
45.4333365,-73.4838136
45.4334320,-73.4815592
45.4344444,-73.4764758
45.4344914,-73.4763776
45.4345090,-73.4762523
45.4348046,-73.4770630
45.4347338,-73.4770062
45.4346660,-73.4769698
45.4345647,-73.4769561
45.4377527,-73.4745376
45.4465721,-73.4702814
45.4466565,-73.4704877
45.4432317,-73.4778929
45.4501529,-73.4903591
45.4501713,-73.4914752
45.4521584,-73.4913157
45.4560240,-73.4796059
45.4561199,-73.4796149
45.4561202,-73.4797725
45.4500894,-73.4798342
45.4485428,-73.4751271
45.4403329,-73.4942220
45.4399351,-73.4933706
45.4387913,-73.4929618
45.4386129,-73.4930282
45.4385216,-73.4930448
45.4377613,-73.4927939
45.4377966,-73.4924283
45.4377173,-73.4921992
45.4403828,-73.4937898
45.4376695,-73.4921060
45.4531755,-73.4853647
45.4531256,-73.4853797
45.4530706,-73.4854246
45.4530456,-73.4854846
45.4530364,-73.4856346
45.4530024,-73.4857941
45.4529480,-73.4859119
45.4528739,-73.4860176
45.4527449,-73.4861424
45.4526032,-73.4862481
45.4566695,-73.4851589
45.4524330,-73.4863622
45.4522620,-73.4864527
45.4520675,-73.4865130
45.4518543,-73.4864889
45.4517712,-73.4864487
45.4513353,-73.4855548
45.4512796,-73.4854782
45.4509129,-73.4854440
45.4504041,-73.4855712
45.4496198,-73.4856348
45.4480291,-73.4854216
45.4475479,-73.4853851
45.4473952,-73.4853685
45.4428934,-73.4847846
45.4425944,-73.4847375
45.4424473,-73.4846711
45.4423594,-73.4846212
45.4421375,-73.4847123
45.4420443,-73.4847148
45.4419435,-73.4846644
45.4410518,-73.4845293
45.4409531,-73.4845202
45.4408986,-73.4843871
45.4407603,-73.4842363
45.4407130,-73.4841910
45.4401256,-73.4840799
45.4399915,-73.4840751
45.4398157,-73.4841820
45.4396594,-73.4843319
45.4395195,-73.4843247
45.4394403,-73.4843031
45.4392425,-73.4843040
45.4391342,-73.4843025
45.4384462,-73.4846882
45.4382856,-73.4846243
45.4381853,-73.4845825
45.4380279,-73.4845230
45.4359958,-73.4843693
45.4359499,-73.4844819
45.4359216,-73.4847181
45.4361008,-73.4831554
45.4370765,-73.4831554
45.4334281,-73.4839030
45.4406357,-73.4751130
45.4404551,-73.4751130
45.4399853,-73.4754049
45.4389555,-73.4761344
45.4389916,-73.4769670
45.4390398,-73.4771215
45.4391241,-73.4771301
45.4405635,-73.4765378
45.4400215,-73.4765722
45.4407020,-73.4759542
45.4410212,-73.4727699
45.4405029,-73.4777397
45.4412014,-73.4777222
45.4389916,-73.4772588
45.4325834,-73.4894725
45.4323304,-73.4873267
45.4346527,-73.4895233
45.4333988,-73.4868116
45.4323726,-73.4868118
45.4352697,-73.4902623
45.4347276,-73.4897128
45.4352663,-73.4895495
45.4353493,-73.4895580
45.4348661,-73.4895498
45.4373053,-73.4938070
45.4364200,-73.4934980
45.4359020,-73.4934121
45.4359803,-73.4924938
45.4353299,-73.4922706
45.4378775,-73.4922363
45.4407080,-73.4934722
45.4369921,-73.4936610
45.4353961,-73.4923650
45.4353118,-73.4918929
45.4353479,-73.4918157
45.4376787,-73.4941503
45.4352877,-73.4920732
45.4402082,-73.4932748
45.4473984,-73.4822284
45.4485605,-73.4813443
45.4487472,-73.4810525
45.4493373,-73.4794818
45.4490001,-73.4791900
45.4484442,-73.4786427
45.4481477,-73.4783520
45.4488265,-73.4762606
45.4481730,-73.4758919
45.4472358,-73.4818593
45.4456581,-73.4851466
45.4456882,-73.4849149
45.4345558,-73.4559262
45.4475768,-73.4866440
45.4567852,-73.4851488
45.4569383,-73.4851358
45.4350103,-73.4810473
45.4350107,-73.4792852
45.4347077,-73.4792815
45.4347072,-73.4791531
45.4342894,-73.4791479
45.4342898,-73.4792007
45.4341530,-73.4791963
45.4340815,-73.4792785
45.4340791,-73.4795331
45.4341379,-73.4795336
45.4341392,-73.4807886
45.4344608,-73.4807812
45.4344584,-73.4810568
45.4486264,-73.4756182
45.4477723,-73.4774826
45.4478883,-73.4778644
45.4485261,-73.4765114
45.4498888,-73.4779716
45.4495915,-73.4776147
45.4493360,-73.4772534
45.4491665,-73.4769548
45.4490008,-73.4766344
45.4567660,-73.4875639
45.4563210,-73.4875770
45.4563166,-73.4875072
45.4557931,-73.4875464
45.4558149,-73.4878998
45.4558760,-73.4878955
45.4559073,-73.4886621
45.4553750,-73.4886358
45.4549361,-73.4886545
45.4549177,-73.4885478
45.4546213,-73.4885532
45.4544407,-73.4856575
45.4555945,-73.4886424
45.4451539,-73.4936457
45.4444724,-73.4797728
45.4445093,-73.4807409
45.4382310,-73.4755871
45.4400040,-73.4744517
45.4373481,-73.4710013
45.4378922,-73.4705813
45.4480464,-73.4722945
45.4485101,-73.4719941
45.4487449,-73.4724919
45.4487269,-73.4725864
45.4482873,-73.4728953
45.4482452,-73.4728095
45.4482150,-73.4728181
45.4480886,-73.4724662
45.4531031,-73.4696155
45.4490078,-73.4738189
45.4405892,-73.4818354
45.4451961,-73.4946585
45.4451840,-73.4955598
45.4451720,-73.4951220
45.4427572,-73.4934246
45.4427331,-73.4944869
45.4427512,-73.4949504
45.4423654,-73.4934379
45.4423597,-73.4935874
45.4425404,-73.4934319
45.4420342,-73.4935812
45.4420285,-73.4946843
45.4423417,-73.4948989
45.4424862,-73.4948645
45.4606516,-73.4925787
45.4598332,-73.4924945
45.4464375,-73.4726965
45.4467569,-73.4724786
45.4467127,-73.4723745
45.4469700,-73.4722317
45.4472229,-73.4729870
45.4466568,-73.4733647
45.4453463,-73.4720165
45.4394266,-73.4727289
45.4377101,-73.4756128
45.4348698,-73.4755679
45.4478207,-73.4718664
45.4478882,-73.4718261
45.4479386,-73.4719977
45.4481504,-73.4718714
45.4472665,-73.4720848
45.4473600,-73.4723454
45.4472558,-73.4724119
45.4472917,-73.4725000
45.4471030,-73.4726114
45.4455882,-73.4721632
45.4455119,-73.4721632
45.4454426,-73.4719828
45.4454842,-73.4719412
45.4455085,-73.4718892
45.4455293,-73.4718510
45.4455223,-73.4718129
45.4454981,-73.4717886
45.4454321,-73.4717920
45.4453836,-73.4718094
45.4453454,-73.4718337
45.4452969,-73.4718684
45.4452552,-73.4719030
45.4452171,-73.4719377
45.4451859,-73.4719794
45.4451789,-73.4720730
45.4451972,-73.4720976
45.4452100,-73.4725508
45.4452796,-73.4725480
45.4452782,-73.4725778
45.4454743,-73.4725650
45.4454757,-73.4725238
45.4455993,-73.4725167
45.4448962,-73.4728823
45.4445611,-73.4728823
45.4445536,-73.4722950
45.4445729,-73.4722770
45.4445999,-73.4722461
45.4446384,-73.4722191
45.4446635,-73.4722057
45.4446962,-73.4722076
45.4447348,-73.4722134
45.4447541,-73.4722326
45.4447810,-73.4722635
45.4447888,-73.4722885
45.4447945,-73.4723309
45.4448736,-73.4723348
45.4444518,-73.4727467
45.4443722,-73.4727467
45.4442426,-73.4728410
45.4442429,-73.4732091
45.4442297,-73.4732280
45.4442165,-73.4732431
45.4442071,-73.4732619
45.4441995,-73.4732883
45.4438525,-73.4732978
45.4438506,-73.4732751
45.4438299,-73.4732657
45.4438186,-73.4732525
45.4437940,-73.4732506
45.4437802,-73.4729945
45.4437488,-73.4728828
45.4435875,-73.4729841
45.4436062,-73.4735929
45.4444719,-73.4735844
45.4430648,-73.4711529
45.4445531,-73.4701837
45.4446179,-73.4703821
45.4447668,-73.4702829
45.4448851,-73.4706378
45.4430763,-73.4717635
45.4429427,-73.4714086
45.4431030,-73.4713209
45.4419600,-73.4722013
45.4418624,-73.4719286
45.4423439,-73.4716424
45.4424684,-73.4720363
45.4424078,-73.4720834
45.4423136,-73.4720464
45.4421957,-73.4721306
45.4421116,-73.4720935
45.4408309,-73.4722150
45.4406236,-73.4715310
45.4408094,-73.4714257
45.4408869,-73.4717181
45.4408793,-73.4717639
45.4409965,-73.4721207
45.4413235,-73.4722278
45.4412136,-73.4720333
45.4412474,-73.4720052
45.4409741,-73.4713119
45.4411939,-73.4712245
45.4414334,-73.4719460
45.4414137,-73.4720023
45.4414644,-73.4721630
45.4401867,-73.4724171
45.4402549,-73.4724203
45.4403231,-73.4724073
45.4404010,-73.4723619
45.4404659,-73.4723132
45.4405146,-73.4722547
45.4403945,-73.4719106
45.4404399,-73.4718911
45.4403393,-73.4716087
45.4400341,-73.4718100
45.4401835,-73.4723229
45.4393240,-73.4728499
45.4395694,-73.4726955
45.4394977,-73.4724501
45.4396245,-73.4723839
45.4395336,-73.4720917
45.4391310,-73.4723205
45.4382768,-73.4728620
45.4385439,-73.4727271
45.4387085,-73.4732451
45.4384468,-73.4734177
45.4383982,-73.4734204
45.4383686,-73.4734151
45.4383362,-73.4733800
45.4383092,-73.4733341
45.4382930,-73.4732775
45.4382795,-73.4732235
45.4383821,-73.4731695
45.4383614,-73.4749702
45.4387075,-73.4747619
45.4387809,-73.4749614
45.4386342,-73.4750552
45.4386049,-73.4749819
45.4384875,-73.4750464
45.4385315,-73.4751344
45.4384289,-73.4752019
45.4375226,-73.4755936
45.4377783,-73.4755103
45.4379210,-73.4759206
45.4355717,-73.4771804
45.4356227,-73.4771526
45.4355439,-73.4768237
45.4357339,-73.4767728
45.4357987,-73.4767265
45.4359516,-73.4772546
45.4356483,-73.4774635
45.4400389,-73.4755176
45.4350277,-73.4791242
45.4350711,-73.4792046
45.4350871,-73.4811391
45.4350350,-73.4812232
45.4346746,-73.4812032
45.4345624,-73.4811351
45.4341395,-73.4811389
45.4345023,-73.4790857
45.4350323,-73.4786810
45.4349627,-73.4782865
45.4341968,-73.4776744
45.4340808,-73.4777411
45.4330321,-73.4811448
45.4318731,-73.4787271
45.4347425,-73.4770676
45.4346688,-73.4770344
45.4345345,-73.4770461
45.4348015,-73.4776167
45.4345572,-73.4777640
45.4344168,-73.4774173
45.4344767,-73.4773826
45.4344659,-73.4773560
45.4345497,-73.4773035
45.4345681,-73.4773398
45.4346693,-73.4772812
45.4350458,-73.4776275
45.4345110,-73.4779409
45.4343469,-73.4774783
45.4332953,-73.4813606
45.4342827,-73.4752780
45.4344012,-73.4752592
45.4351026,-73.4763437
45.4409233,-73.4846389
45.4408431,-73.4848567
45.4408173,-73.4849226
45.4408173,-73.4852637
45.4408173,-73.4853468
45.4407542,-73.4855760
45.4407428,-73.4856735
45.4407600,-73.4860575
45.4407600,-73.4861320
45.4406769,-73.4864128
45.4406195,-73.4865877
45.4405823,-73.4866249
45.4405307,-73.4866478
45.4404820,-73.4866335
45.4404161,-73.4865819
45.4403244,-73.4864788
45.4402642,-73.4864186
45.4402671,-73.4861033
45.4402900,-73.4860145
45.4402871,-73.4858769
45.4402671,-73.4857680
45.4401839,-73.4856133
45.4401238,-73.4855273
45.4397799,-73.4852350
45.4397254,-73.4851863
45.4396939,-73.4850745
45.4396996,-73.4849800
45.4396595,-73.4848052
45.4396452,-73.4845358
45.4404754,-73.4863187
45.4400074,-73.4864840
45.4409235,-73.4850032
45.4396359,-73.4868272
45.4396147,-73.4848906
45.4392934,-73.4849015
45.4408038,-73.4872837
45.4408038,-73.4871090
45.4405434,-73.4874046
45.4409853,-73.4864910
45.4408910,-73.4868528
45.4393883,-73.4848371
45.4394254,-73.4847548
45.4394383,-73.4845189
45.4392835,-73.4867732
45.4396082,-73.4867701
45.4396567,-73.4867990
45.4401498,-73.4867838
45.4401630,-73.4865032
45.4402098,-73.4864032
45.4401154,-73.4864032
45.4401167,-73.4863194
45.4401353,-73.4863194
45.4401353,-73.4862369
45.4401912,-73.4862369
45.4401899,-73.4863141
45.4402098,-73.4863154
45.4404578,-73.4876069
45.4408472,-73.4869976
45.4408317,-73.4865075
45.4409481,-73.4863718
45.4409248,-73.4861681
45.4409958,-73.4858876
45.4409575,-73.4857055
45.4409310,-73.4850897
45.4408460,-73.4849902
45.4407774,-73.4856832
45.4407968,-73.4861410
45.4407017,-73.4864591
45.4405582,-73.4864435
45.4404224,-73.4866336
45.4402797,-73.4864533
45.4402076,-73.4865402
45.4401994,-73.4869229
45.4401264,-73.4869223
45.4401256,-73.4868330
45.4398487,-73.4841305
45.4397997,-73.4839910
45.4392892,-73.4842846
45.4396639,-73.4842961
45.4408404,-73.4853748
45.4493717,-73.4689744
45.4489923,-73.4726813
45.4490785,-73.4725028
45.4491365,-73.4723129
45.4491950,-73.4719989
45.4493435,-73.4715943
45.4489116,-73.4728946
45.4490342,-73.4727417
45.4491170,-73.4725680
45.4491910,-73.4723622
45.4570316,-73.4851333
45.4560290,-73.4930371
45.4539392,-73.4928533
45.4488901,-73.4930075
45.4528651,-73.4927756
45.4517248,-73.4927744
45.4353583,-73.4917248
45.4353993,-73.4909626
45.4354618,-73.4909666
45.4355044,-73.4909722
45.4355215,-73.4909170
45.4355380,-73.4907521
45.4355050,-73.4907146
45.4354818,-73.4906790
45.4354281,-73.4916324
45.4351165,-73.4915623
45.4351496,-73.4909471
45.4352642,-73.4907827
45.4353364,-73.4908134
45.4352824,-73.4923574
45.4352313,-73.4920727
45.4352869,-73.4917990
45.4352646,-73.4920104
45.4351979,-73.4919970
45.4351937,-73.4919101
45.4352046,-73.4917812
45.4340590,-73.4918666
45.4342449,-73.4918181
45.4344335,-73.4918181
45.4351527,-73.4928923
45.4351631,-73.4926011
45.4349905,-73.4925839
45.4349919,-73.4924537
45.4350208,-73.4924558
45.4350296,-73.4922260
45.4347620,-73.4921995
45.4347506,-73.4924192
45.4347897,-73.4924217
45.4347847,-73.4925467
45.4343739,-73.4924818
45.4343296,-73.4930509
45.4345991,-73.4930870
45.4346192,-73.4928096
45.4443455,-73.4728668
45.4425145,-73.4769479
45.4422681,-73.4769909
45.4421336,-73.4770293
45.4421237,-73.4770667
45.4420956,-73.4770858
45.4420248,-73.4771510
45.4419461,-73.4771914
45.4419225,-73.4771937
45.4418699,-73.4772389
45.4418352,-73.4772611
45.4417313,-73.4772587
45.4416695,-73.4771919
45.4415161,-73.4770137
45.4414146,-73.4768430
45.4412343,-73.4769132
45.4420332,-73.4768801
45.4420480,-73.4767663
45.4420727,-73.4767094
45.4421420,-73.4765981
45.4421915,-73.4765115
45.4422657,-73.4762393
45.4423004,-73.4761824
45.4425131,-73.4761775
45.4414048,-73.4766377
45.4413973,-73.4765808
45.4413850,-73.4765560
45.4413281,-73.4764991
45.4424045,-73.4769679
45.4424322,-73.4761797
45.4473947,-73.4822994
45.4473769,-73.4821327
45.4473805,-73.4820441
45.4473982,-73.4819944
45.4474426,-73.4819253
45.4474940,-73.4818703
45.4475419,-73.4818171
45.4475667,-73.4817320
45.4475915,-73.4815866
45.4476110,-73.4814926
45.4477015,-73.4813951
45.4477564,-73.4813312
45.4477671,-73.4812621
45.4477795,-73.4811734
45.4477990,-73.4810262
45.4478386,-73.4809465
45.4479029,-73.4808681
45.4479594,-73.4807802
45.4479986,-73.4806955
45.4483563,-73.4799268
45.4487817,-73.4790267
45.4489306,-73.4790179
45.4488200,-73.4788646
45.4478126,-73.4812361
45.4478441,-73.4812859
45.4478607,-73.4813125
45.4479405,-73.4813491
45.4480052,-73.4813922
45.4480601,-73.4814271
45.4481066,-73.4814703
45.4481581,-73.4815235
45.4481946,-73.4815849
45.4485983,-73.4785034
45.4484881,-73.4787242
45.4474609,-73.4813436
45.4474604,-73.4812812
45.4474665,-73.4812385
45.4474742,-73.4811329
45.4474942,-73.4810472
45.4475065,-73.4809756
45.4475128,-73.4803873
45.4475096,-73.4802686
45.4475288,-73.4801867
45.4475690,-73.4801209
45.4476027,-73.4800824
45.4476572,-73.4800407
45.4477342,-73.4800375
45.4478129,-73.4800616
45.4478514,-73.4801033
45.4478931,-73.4801627
45.4479461,-73.4803151
45.4479798,-73.4803745
45.4480247,-73.4804002
45.4480937,-73.4804852
45.4480663,-73.4805487
45.4480954,-73.4805601
45.4481331,-73.4805644
45.4481500,-73.4805440
45.4481688,-73.4804997
45.4481649,-73.4804761
45.4481437,-73.4804490
45.4481225,-73.4804302
45.4481288,-73.4718333
45.4472858,-73.4907033
45.4374466,-73.4929690
45.4466716,-73.4725053
45.4348971,-73.4797849
45.4462307,-73.4712667
45.4464222,-73.4711487
45.4465762,-73.4715456
45.4465221,-73.4715928
45.4464847,-73.4715276
45.4463667,-73.4716303
45.4228006,-73.4401987
45.4211198,-73.4379328
45.4194270,-73.4356583
45.4171737,-73.4337614
45.4147156,-73.4316242
45.4122513,-73.4294870
45.4867385,-73.5423655
45.4877975,-73.5442882
45.4562010,-73.4684482
45.4384183,-73.4926734
45.4378426,-73.4924919
45.4376955,-73.4929175
45.4380992,-73.4913749
45.4377331,-73.4925858
45.4389645,-73.4929347
45.4405980,-73.4934000
45.4322705,-73.4905877
45.4350826,-73.4908512
45.4367349,-73.4929425
45.4372262,-73.4930489
45.4372011,-73.4934588
45.4367130,-73.4933618
45.4372230,-73.4929488
45.4367537,-73.4924294
45.4372450,-73.4925357
45.4367318,-73.4928486
45.4366723,-73.4933430
45.4362061,-73.4928299
45.4366974,-73.4929363
45.4361842,-73.4932492
45.4367005,-73.4928330
45.4362343,-73.4923198
45.4367255,-73.4924262
45.4362124,-73.4927391
45.4380773,-73.4935777
45.4376110,-73.4930645
45.4375891,-73.4934838
45.4381023,-73.4931709
45.4355199,-73.4914576
45.4355481,-73.4912291
45.4350474,-73.4911572
45.4352085,-73.4932950
45.4352411,-73.4935954
45.4353137,-73.4937806
45.4354338,-73.4938808
45.4364226,-73.4940460
45.4367104,-73.4941361
45.4369958,-73.4942638
45.4371961,-73.4944064
45.4358744,-73.4920785
45.4339014,-73.4918585
45.4380120,-73.4939220
45.4383427,-73.4931181
45.4377018,-73.4940439
45.4396818,-73.4946422
45.4397168,-73.4945696
45.4397844,-73.4944670
45.4399471,-73.4941415
45.4400823,-73.4936985
45.4386390,-73.4932240
45.4324588,-73.4886344
45.4325649,-73.4893754
45.4347350,-73.4902613
45.4323517,-73.4876862
45.4324058,-73.4881480
45.4340215,-73.4854263
45.4340178,-73.4849082
45.4349142,-73.4848556
45.4349193,-73.4854618
45.4348453,-73.4837349
45.4342476,-73.4837912
45.4347764,-73.4821579
45.4347796,-73.4843826
45.4343509,-73.4844045
45.4341381,-73.4842762
45.4351081,-73.4843513
45.4339848,-73.4841980
45.4337939,-73.4839257
45.4346854,-73.4867971
45.4347104,-73.4855104
45.4334989,-73.4895081
45.4344657,-73.4895303
45.4332860,-73.4830407
45.4345614,-73.4906082
45.4345614,-73.4896320
45.4347585,-73.4896195
45.4347647,-73.4893316
45.4352153,-73.4893379
45.4352028,-73.4847445
45.4340388,-73.4847727
45.4335006,-73.4840730
45.4313053,-73.4865662
45.4312453,-73.4868641
45.4312853,-73.4873672
45.4315381,-73.4879855
45.4317884,-73.4888641
45.4318535,-73.4893122
45.4318986,-73.4902784
45.4321739,-73.4902559
45.4352106,-73.4845702
45.4352001,-73.4817638
45.4351375,-73.4816793
45.4333141,-73.4816724
45.4330257,-73.4815703
45.4327253,-73.4813300
45.4334943,-73.4831162
45.4335083,-73.4838972
45.4335944,-73.4839593
45.4340811,-73.4845901
45.4327200,-73.4824963
45.4328224,-73.4824935
45.4458936,-73.4828530
45.4458274,-73.4834796
45.4457973,-73.4837972
45.4457912,-73.4843808
45.4624863,-73.4933431
45.4609510,-73.4932864
45.4392116,-73.4845673
45.4391057,-73.4845429
45.4390821,-73.4844482
45.4389362,-73.4845606
45.4386483,-73.4845645
45.4384231,-73.4845203
45.4380965,-73.4845850
45.4377836,-73.4845074
45.4373202,-73.4846059
45.4368027,-73.4845788
45.4366400,-73.4845813
45.4365193,-73.4846158
45.4362605,-73.4847144
45.4360781,-73.4847193
45.4358834,-73.4846552
45.4355754,-73.4846823
45.4363961,-73.4842461
45.4368052,-73.4841796
45.4379511,-73.4840835
45.4386239,-73.4842092
45.4392006,-73.4841599
45.4371625,-73.4835585
45.4370738,-73.4826171
45.4360486,-73.4836004
45.4360264,-73.4826664
45.4359894,-73.4854636
45.4360338,-73.4854291
45.4390035,-73.4848056
45.4389961,-73.4845714
45.4384687,-73.4847341
45.4379423,-73.4845475
45.4379462,-73.4848745
45.4355910,-73.4817081
45.4391491,-73.4816372
45.4385588,-73.4847345
45.4406771,-73.4874541
45.4409574,-73.4872755
45.4424977,-73.4922509
45.4425325,-73.4920804
45.4417425,-73.4920891
45.4424232,-73.4877360
45.4418128,-73.4855308
45.4430528,-73.4867548
45.4429544,-73.4861077
45.4428182,-73.4857141
45.4425760,-73.4852676
45.4424170,-73.4850519
45.4409374,-73.4848930
45.4399020,-73.4865765
45.4399020,-73.4864481
45.4398342,-73.4864457
45.4398294,-73.4865741
45.4410248,-73.4852207
45.4399638,-73.4859471
45.4403071,-73.4848036
45.4398999,-73.4856688
45.4432221,-73.4914681
45.4396687,-73.4910527
45.4413149,-73.4912618
45.4419468,-73.4914368
45.4425485,-73.4915390
45.4431748,-73.4915087
45.4413797,-73.4883651
45.4413579,-73.4892684
45.4456686,-73.4899030
45.4468965,-73.4861805
45.4460077,-73.4870790
45.4467076,-73.4871444
45.4455161,-73.4919931
45.4466907,-73.4918042
45.4465163,-73.4918477
45.4456347,-73.4919955
45.4452482,-73.4871225
45.4452901,-73.4859786
45.4439722,-73.4869330
45.4434850,-73.4904665
45.4475004,-73.4923456
45.4474531,-73.4907326
45.4474200,-73.4906758
45.4469281,-73.4906900
45.4402726,-73.4906522
45.4400502,-73.4912293
45.4406415,-73.4908840
45.4432337,-73.4927051
45.4432101,-73.4917070
45.4431580,-73.4916739
45.4425620,-73.4916929
45.4418572,-73.4915935
45.4411855,-73.4913807
45.4404239,-73.4909691
45.4402111,-73.4908319
45.4397097,-73.4922226
45.4404003,-73.4924828
45.4409301,-73.4926105
45.4415308,-73.4926909
45.4427323,-73.4927430
45.4449868,-73.4912671
45.4449962,-73.4925235
45.4355562,-73.4842343
45.4474316,-73.4905004
45.4474619,-73.4904474
45.4473446,-73.4857322
45.4455698,-73.4855165
45.4454790,-73.4854749
45.4426786,-73.4851457
45.4428943,-73.4855203
45.4430684,-73.4859744
45.4431554,-73.4863528
45.4431895,-73.4867237
45.4433257,-73.4914161
45.4433787,-73.4914843
45.4439426,-73.4914464
45.4453049,-73.4910301
45.4468564,-73.4905231
45.4441322,-73.4926011
45.4441026,-73.4915841
45.4439666,-73.4916432
45.4433753,-73.4916787
45.4433350,-73.4917246
45.4433471,-73.4926304
45.4422270,-73.4846952
45.4423075,-73.4846357
45.4478269,-73.4926051
45.4500441,-73.4922506
45.4512090,-73.4921321
45.4534557,-73.4922384
45.4426017,-73.4920733
45.4426134,-73.4921740
45.4426017,-73.4922031
45.4425707,-73.4922167
45.4425417,-73.4922147
45.4425262,-73.4921779
45.4425320,-73.4921353
45.4418616,-73.4920733
45.4418655,-73.4921295
45.4418577,-73.4921682
45.4418267,-73.4921992
45.4417899,-73.4921837
45.4417744,-73.4921353
45.4417977,-73.4920849
45.4548380,-73.4796641
45.4548535,-73.4794893
45.4556803,-73.4758988
45.4460284,-73.4772905
45.4464587,-73.4777994
45.4463021,-73.4772960
45.4565525,-73.4758572
45.4563277,-73.4757875
45.4560800,-73.4690598
45.4560162,-73.4686169
45.4551407,-73.4688757
45.4543832,-73.4691567
45.4507023,-73.4707605
45.4499778,-73.4712228
45.4496418,-73.4714611
45.4494921,-73.4716291
45.4493760,-73.4718826
45.4492538,-73.4723988
45.4491927,-73.4726005
45.4490889,-73.4728051
45.4488689,-73.4730587
45.4482275,-73.4735352
45.4487559,-73.4751175
45.4510861,-73.4735662
45.4514030,-73.4733791
45.4517543,-73.4732760
45.4522125,-73.4732875
45.4525485,-73.4733867
45.4528998,-73.4736082
45.4547937,-73.4754257
45.4552290,-73.4757236
45.4554733,-73.4758152
45.4556719,-73.4758305
45.4563873,-73.4758630
45.4560329,-73.4684997
45.4504290,-73.4759923
45.4532771,-73.4741971
45.4525072,-73.4758683
45.4495368,-73.4771082
45.4493658,-73.4768180
45.4492039,-73.4765095
45.4490878,-73.4762009
45.4487976,-73.4753548
45.4488342,-73.4752723
45.4514216,-73.4735831
45.4517331,-73.4734914
45.4565090,-73.4796382
45.4565259,-73.4798017
45.4347094,-73.4790792
45.4348737,-73.4780677
45.4336092,-73.4806556
45.4343779,-73.4783002
45.4357173,-73.4767024
45.4385352,-73.4732439
45.4421968,-73.4720459
45.4571371,-73.4932075
45.4376983,-73.4760862
45.4376124,-73.4755292
45.4377587,-73.4754341
45.4350612,-73.4766474
45.4350135,-73.4767298
45.4350026,-73.4768524
45.4476566,-73.4713075
45.4479359,-73.4711409
45.4480779,-73.4716247
45.4477986,-73.4717913
45.4480075,-73.4714483
45.4488656,-73.4722002
45.4486323,-73.4719535
45.4425406,-73.4935847
45.4427573,-73.4935523
45.4512575,-73.4854473
45.4490942,-73.4942748
45.4569346,-73.4897926
45.4472453,-73.4721684
45.4464605,-73.4778356
45.4521974,-73.4734609
45.4524876,-73.4735525
45.4528298,-73.4737664
45.4497905,-73.4784511
45.4487351,-73.4767467
45.4487015,-73.4765817
45.4487333,-73.4764718
45.4495755,-73.4780990
45.4570053,-73.4796880
45.4570169,-73.4798535
45.4563603,-73.4796284
45.4335122,-73.4812495
45.4334828,-73.4784668
45.4333472,-73.4780856
45.4342381,-73.4774623
45.4344727,-73.4781149
45.4349127,-73.4778363
45.4350226,-73.4780892
45.4351326,-73.4785512
45.4351436,-73.4791488
45.4341647,-73.4791304
45.4340314,-73.4792697
45.4340280,-73.4799702
45.4340725,-73.4801110
45.4340819,-73.4806107
45.4340814,-73.4807869
45.4340924,-73.4812599
45.4336431,-73.4811320
45.4336394,-73.4807287
45.4336468,-73.4809084
45.4342224,-73.4790679
45.4343763,-73.4790752
45.4345487,-73.4790862
45.4345314,-73.4782393
45.4346918,-73.4781525
45.4449509,-73.4925138
45.4449268,-73.4913121
45.4448907,-73.4909431
45.4443006,-73.4911319
45.4436863,-73.4912606
45.4356571,-73.4818450
45.4364280,-73.4818365
45.4366990,-73.4818450
45.4373916,-73.4818450
45.4355728,-73.4811498
45.4366689,-73.4811841
45.4354954,-73.4744524
45.4359049,-73.4741777
45.4361217,-73.4748214
45.4354592,-73.4752248
45.4353207,-73.4747957
45.4355737,-73.4746326
45.4526133,-73.4698244
45.4525531,-73.4698501
45.4490331,-73.4785516
45.4491836,-73.4783456
45.4491234,-73.4782254
45.4491475,-73.4781053
45.4489307,-73.4777791
45.4489247,-73.4775903
45.4488765,-73.4774616
45.4487260,-73.4774701
45.4484490,-73.4769122
45.4481780,-73.4771354
45.4482864,-73.4773071
45.4482142,-73.4773843
45.4480937,-73.4771697
45.4479372,-73.4773414
45.4481299,-73.4776847
45.4482804,-73.4775045
45.4484309,-73.4776590
45.4484309,-73.4780795
45.4487260,-73.4781654
45.4488284,-73.4784229
45.4343285,-73.4551588
45.4353192,-73.4580311
45.4351144,-73.4592409
45.4343406,-73.4569853
45.4339554,-73.4596669
45.4351746,-73.4595285
45.4617302,-73.4934458
45.4617249,-73.4933150
45.4419890,-73.4698434
45.4335375,-73.4653847
45.4636499,-73.4937883
45.4631316,-73.4936295
45.4624989,-73.4935435
45.4609533,-73.4933992
45.4427003,-73.4955599
45.4412912,-73.4946490
45.4360455,-73.4800027
45.4345952,-73.4866445
45.4345669,-73.4896413
45.4370400,-73.4861835
45.4370322,-73.4827311
45.4358305,-73.4790453
45.4370732,-73.4854716
45.4365976,-73.4827249
45.4341680,-73.4856430
45.4360467,-73.4881442
45.4365090,-73.4827247
45.4364417,-73.4790163
45.4347132,-73.4895625
45.4358413,-73.4718670
45.4361995,-73.4791720
45.4361060,-73.4855246
45.4370637,-73.4873854
45.4370023,-73.4811399
45.4347579,-73.4822889
45.4358320,-73.4802884
45.4360311,-73.4900181
45.4346540,-73.4866301
45.4375370,-73.4782988
45.4346655,-73.4896089
45.4365924,-73.4812628
45.4371297,-73.4881562
45.4343177,-73.4823314
45.4366071,-73.4882586
45.4345980,-73.4856118
45.4375370,-73.4880741
45.4358996,-73.4792063
45.4346646,-73.4856609
45.4370773,-73.4805471
45.4347643,-73.4836885
45.4347684,-73.4823399
45.4375370,-73.4769698
45.4360620,-73.4855932
45.4371098,-73.4874459
45.4368881,-73.4807962
45.4355425,-73.4812764
45.4365844,-73.4882067
45.4361290,-73.4799644
45.4364019,-73.4797761
45.4365921,-73.4835109
45.4353857,-73.4706044
45.4359777,-73.4792510
45.4370833,-73.4861182
45.4342090,-73.4876293
45.4343629,-73.4822688
45.4358719,-73.4801088
45.4359315,-73.4800460
45.4371172,-73.4902758
45.4347438,-73.4894383
45.4371470,-73.4710236
45.4347526,-73.4887240
45.4368984,-73.4806958
45.4343175,-73.4837380
45.4357629,-73.4781999
45.4366384,-73.4890962
45.4341718,-73.4865727
45.4360912,-73.4827333
45.4369613,-73.4812596
45.4369451,-73.4806101
45.4370045,-73.4812195
45.4350187,-73.4760146
45.4347415,-73.4822713
45.4375370,-73.4743959
45.4358476,-73.4801633
45.4357586,-73.4782602
45.4366248,-73.4883568
45.4360309,-73.4893590
45.4369734,-73.4810512
45.4342986,-73.4836952
45.4368966,-73.4808365
45.4358612,-73.4791500
45.4370216,-73.4805553
45.4365038,-73.4893489
45.4347273,-73.4876459
45.4351085,-73.4876398
45.4371602,-73.4902221
45.4373494,-73.4880831
45.4357866,-73.4781495
45.4366636,-73.4796787
45.4366118,-73.4892458
45.4375370,-73.4791187
45.4360457,-73.4900508
45.4366807,-73.4835059
45.4358726,-73.4780466
45.4365038,-73.4812636
45.4365787,-73.4892984
45.4345347,-73.4885296
45.4342163,-73.4866366
45.4333945,-73.4896004
45.4360802,-73.4835349
45.4357813,-73.4718366
45.4360621,-73.4862372
45.4346387,-73.4876450
45.4371324,-73.4882820
45.4364888,-73.4881521
45.4360848,-73.4792442
45.4347006,-73.4837420
45.4370447,-73.4834854
45.4360535,-73.4874403
45.4334961,-73.4885123
45.4346478,-73.4872797
45.4344121,-73.4938017
45.4349451,-73.4860904
45.4348981,-73.4939058
45.4342188,-73.4870270
45.4345867,-73.4861227
45.4345966,-73.4860110
45.4342269,-73.4874766
45.4347009,-73.4865460
45.4345326,-73.4874973
45.4345888,-73.4865486
45.4349159,-73.4937501
45.4351078,-73.4873167
45.4350571,-73.4860878
45.4346948,-73.4855350
45.4345445,-73.4873179
45.4345867,-73.4868432
45.4346447,-73.4874947
45.4349436,-73.4866916
45.4346753,-73.4860251
45.4350557,-73.4866889
45.4347071,-73.4861159
45.4346162,-73.4855209
45.4342304,-73.4873014
45.4342224,-73.4868518
45.4351018,-73.4875199
45.4344299,-73.4936460
45.4345914,-73.4870143
45.4372981,-73.4712026
45.4359516,-73.4902761
45.4375370,-73.4751532
45.4372833,-73.4873110
45.4339950,-73.4866963
45.4375370,-73.4817010
45.4360232,-73.4871885
45.4358848,-73.4854692
45.4348001,-73.4820264
45.4360532,-73.4804845
45.4351494,-73.4879538
45.4372382,-73.4853694
45.4371877,-73.4810040
45.4358539,-73.4900265
45.4348156,-73.4867365
45.4353219,-73.4918330
45.4360742,-73.4824804
45.4341418,-73.4853924
45.4349414,-73.4837277
45.4370718,-73.4824799
45.4359715,-73.4853094
45.4364610,-73.4890937
45.4366877,-73.4837575
45.4348339,-73.4866414
45.4359025,-73.4835698
45.4359406,-73.4782909
45.4341325,-73.4837897
45.4367245,-73.4799158
45.4373034,-73.4880224
45.4340669,-73.4854273
45.4334853,-73.4893516
45.4358848,-73.4882515
45.4372226,-73.4835211
45.4359056,-73.4853910
45.4343656,-73.4820171
45.4355426,-73.4817087
45.4361324,-73.4803999
45.4351428,-73.4884995
45.4358720,-73.4901779
45.4342157,-73.4868883
45.4365991,-73.4837625
45.4334929,-73.4887640
45.4353914,-73.4918472
45.4351417,-73.4812859
45.4372646,-73.4863619
45.4364199,-73.4824738
45.4371098,-73.4905287
45.4371789,-73.4811133
45.4341899,-73.4839152
45.4359401,-73.4872317
45.4349457,-73.4823226
45.4371486,-73.4825198
45.4372498,-73.4854289
45.4345691,-73.4893854
45.4375370,-73.4780185
45.4360138,-73.4891060
45.4373346,-73.4905087
45.4348427,-73.4856413
45.4359114,-73.4827246
45.4334749,-73.4812466
45.4370444,-73.4864352
45.4340147,-73.4855093
45.4360596,-73.4852754
45.4359508,-73.4883651
45.4371963,-73.4836325
45.4359058,-73.4863623
45.4349197,-73.4821783
45.4364164,-73.4817148
45.4371549,-73.4806033
45.4358938,-73.4891738
45.4346688,-73.4868912
45.4360488,-73.4837853
45.4359587,-73.4782675
45.4352602,-73.4708239
45.4375370,-73.4793949
45.4372804,-73.4871852
45.4359423,-73.4825906
45.4373114,-73.4883998
45.4361780,-73.4802622
45.4351602,-73.4902992
45.4372624,-73.4862361
45.4345729,-73.4888449
45.4362866,-73.4788407
45.4360122,-73.4883916
45.4371687,-73.4836807
45.4345298,-73.4887812
45.4362059,-73.4788925
45.4372867,-73.4910798
45.4371816,-73.4812093
45.4342562,-73.4839821
45.4358932,-73.4872895
45.4348489,-73.4839485
45.4359584,-73.4837220
45.4341422,-73.4822031
45.4362304,-73.4801743
45.4347674,-73.4879599
45.4358873,-73.4804516
45.4370405,-73.4852153
45.4366823,-73.4817136
45.4358760,-73.4874400
45.4371934,-73.4825829
45.4358849,-73.4862680
45.4348884,-73.4821136
45.4358537,-73.4893077
45.4348022,-73.4854844
45.4375370,-73.4772465
45.4356604,-73.4720574
45.4359873,-73.4825174
45.4360534,-73.4864896
45.4358365,-73.4721466
45.4359111,-73.4902430
45.4352257,-73.4766366
45.4339907,-73.4856309
45.4370578,-73.4871338
45.4348963,-73.4838859
45.4366858,-73.4824744
45.4341175,-73.4878778
45.4371780,-73.4852475
45.4372004,-73.4806960
45.4364476,-73.4883989
45.4371064,-73.4837277
45.4347435,-73.4868508
45.4360319,-73.4790022
45.4359155,-73.4836375
45.4373397,-73.4903833
45.4347224,-73.4839940
45.4346159,-73.4853586
45.4347550,-73.4885982
45.4359719,-73.4805004
45.4358671,-73.4881510
45.4372090,-73.4826994
45.4345471,-73.4878935
45.4347470,-73.4854042
45.4360072,-73.4790007
45.4341209,-73.4837249
45.4365074,-73.4799829
45.4365889,-73.4799659
45.4359550,-73.4864478
45.4508138,-73.4945891
45.4520206,-73.4947705
45.4520231,-73.4946719
45.4630032,-73.4754928
45.4346114,-73.4560743
45.4413077,-73.4810321
45.4386820,-73.4749209
45.4403084,-73.4721421
45.4408124,-73.4718203
45.4412566,-73.4717559
45.4325114,-73.4696600
45.4315597,-73.4661834
45.4318383,-73.4675368
45.4342462,-73.4735688
45.4346869,-73.4742136
45.4348081,-73.4745290
45.4344943,-73.4743348
45.4352144,-73.4729911
45.4355513,-73.4740073
45.4436657,-73.4707616
45.4423216,-73.4724868
45.4431426,-73.4722097
45.4412650,-73.4726434
45.4426845,-73.4723789
45.4397467,-73.4742559
45.4412304,-73.4743519
45.4400278,-73.4739469
45.4424436,-73.4736712
45.4411338,-73.4735102
45.4426921,-73.4740628
45.4416269,-73.4731079
45.4414782,-73.4738857
45.4423909,-73.4738348
45.4401231,-73.4742639
45.4396752,-73.4740413
45.4403038,-73.4741567
45.4419506,-73.4745134
45.4429629,-73.4739340
45.4406822,-73.4732796
45.4421350,-73.4735129
45.4404268,-73.4737082
45.4423625,-73.4734891
45.4411544,-73.4738884
45.4416212,-73.4738750
45.4421519,-73.4740038
45.4410661,-73.4731991
45.4423421,-73.4730435
45.4402116,-73.4738375
45.4402612,-73.4738101
45.4392518,-73.4742881
45.4414537,-73.4734781
45.4405184,-73.4740306
45.4410876,-73.4738951
45.4422385,-73.4735156
45.4393271,-73.4745188
45.4407731,-73.4743600
45.4403490,-73.4741245
45.4429516,-73.4728665
45.4411093,-73.4743632
45.4416494,-73.4744678
45.4423683,-73.4736685
45.4422391,-73.4734856
45.4422121,-73.4740038
45.4414086,-73.4751518
45.4424435,-73.4738296
45.4423889,-73.4739938
45.4412380,-73.4744913
45.4418094,-73.4725713
45.4348636,-73.4750369
45.4347488,-73.4756726
45.4346020,-73.4752166
45.4348636,-73.4756002
45.4350443,-73.4755224
45.4401401,-73.4747816
45.4400298,-73.4744074
45.4405113,-73.4733812
45.4398187,-73.4736404
45.4390771,-73.4740837
45.4377982,-73.4736245
45.4376420,-73.4737211
45.4378566,-73.4738015
45.4377154,-73.4738901
45.4376421,-73.4739091
45.4377041,-73.4739061
45.4376533,-73.4739410
45.4376966,-73.4738713
45.4365772,-73.4729415
45.4360323,-73.4740032
45.4377834,-73.4747990
45.4350141,-73.4761299
45.4373046,-73.4718681
45.4360775,-73.4727747
45.4371051,-73.4730590
45.4378158,-73.4746340
45.4363937,-73.4737725
45.4361791,-73.4730966
45.4360549,-73.4731717
45.4369621,-73.4722061
45.4363035,-73.4754388
45.4357011,-73.4729625
45.4371465,-73.4731985
45.4363513,-73.4751994
45.4380449,-73.4728070
45.4356107,-73.4729042
45.4376542,-73.4730684
45.4364782,-73.4753302
45.4359382,-73.4728230
45.4360137,-73.4741759
45.4372143,-73.4729946
45.4363711,-73.4736813
45.4376471,-73.4725105
45.4371150,-73.4728919
45.4369347,-73.4730488
45.4369817,-73.4762533
45.4366599,-73.4761433
45.4370118,-73.4762372
45.4369685,-73.4761031
45.4368142,-73.4766475
45.4370081,-73.4760789
45.4369667,-73.4759582
45.4370589,-73.4765000
45.4350211,-73.4769031
45.4351216,-73.4768147
45.4353032,-73.4769972
45.4350798,-73.4766536
45.4352638,-73.4770394
45.4352789,-73.4770786
45.4351817,-73.4772692
45.4354359,-73.4771084
45.4353728,-73.4769222
45.4351385,-73.4771405
45.4352382,-73.4770761
45.4352815,-73.4772102
45.4352759,-73.4769716
45.4353455,-73.4769260
45.4353230,-73.4771888
45.4352665,-73.4770869
45.4352533,-73.4770467
45.4353550,-73.4769394
45.4354618,-73.4895616
45.4456314,-73.4677923
45.4454132,-73.4678889
45.4453341,-73.4679103
45.4448900,-73.4679855
45.4444610,-73.4681517
45.4439077,-73.4684843
45.4431851,-73.4689779
45.4415930,-73.4699944
45.4413126,-73.4700615
45.4410359,-73.4702010
45.4402178,-73.4676995
45.4398013,-73.4664311
45.4396986,-73.4658700
45.4397043,-73.4654716
45.4398241,-73.4649106
45.4403547,-73.4637316
45.4410907,-73.4623249
45.4415014,-73.4619265
45.4435152,-73.4606825
45.4511511,-73.4946132
45.4457568,-73.4714676
45.4457686,-73.4715933
45.4457891,-73.4714083
45.4457940,-73.4714605
45.4457945,-73.4724340
45.4458072,-73.4727471
45.4458275,-73.4724313
45.4458281,-73.4714008
45.4458290,-73.4724692
45.4458325,-73.4714475
45.4458430,-73.4715791
45.4458511,-73.4716655
45.4459250,-73.4714299
45.4459279,-73.4724114
45.4459299,-73.4724609
45.4459324,-73.4715086
45.4459328,-73.4716080
45.4459366,-73.4716492
45.4459797,-73.4714996
45.4459889,-73.4715974
45.4460010,-73.4724054
45.4460029,-73.4724526
45.4460101,-73.4719072
45.4460185,-73.4720082
45.4460203,-73.4716613
45.4460403,-73.4719021
45.4460487,-73.4720031
45.4460684,-73.4722402
45.4460892,-73.4716497
45.4461373,-73.4722286
45.4461547,-73.4724401
45.4461659,-73.4727177
45.4369443,-73.4735477
45.4371915,-73.4743493
45.4370712,-73.4749614
45.4372041,-73.4747012
45.4372216,-73.4745210
45.4370711,-73.4726899
45.4383103,-73.4785861
45.4489221,-73.4720983
45.4490237,-73.4717872
45.4488544,-73.4716155
45.4488130,-73.4717013
45.4487791,-73.4717013
45.4486564,-73.4719790
45.4440450,-73.4934210
45.4445040,-73.4934110
45.4458210,-73.4932530
45.4464940,-73.4932390
45.4483250,-73.4930740
45.4498920,-73.4946040
45.4526220,-73.4947910
45.4574610,-73.4932440
45.4640170,-73.4939230
45.4645880,-73.4941800
45.4647450,-73.4949440
45.4649180,-73.4957600
45.4654970,-73.4962580
45.4393620,-73.4930000
45.4430410,-73.4935100
45.4434450,-73.4935020
45.4455400,-73.4933310
45.4467940,-73.4931610
45.4643160,-73.4940080
45.4644540,-73.4940390
45.4661170,-73.4961680
45.4384450,-73.4934060
45.4646490,-73.4943390
45.4563144,-73.4946552
45.4647784,-73.4952035
45.4647109,-73.4946774
45.4627463,-73.4935624
45.4619755,-73.4934590
45.4611077,-73.4934094
45.4357858,-73.4726104
45.4345170,-73.4716606
45.4312567,-73.4617785
45.4314707,-73.4626516
45.4422775,-73.4572080
45.4419706,-73.4555707
45.4455226,-73.4848359
45.4396314,-73.4871740
45.4355030,-73.4813259
45.4430608,-73.4844695
45.4400394,-73.4744242
45.4373759,-73.4841317
45.4391241,-73.4812401
45.4364090,-73.4910728
45.4354729,-73.4790836
45.4414352,-73.4751568
45.4355331,-73.4906922
45.4472538,-73.4816816
45.4473438,-73.4850274
45.4355105,-73.4801136
45.4353939,-73.4842565
45.4478086,-73.4771218
45.4487441,-73.4758140
45.4502039,-73.4858857
45.4543058,-73.4919260
45.4474868,-73.4857784
45.4517989,-73.4858781
45.4489794,-73.4859192
45.4568651,-73.4897874
45.4524769,-73.4919153
45.4566915,-73.4848772
45.4520178,-73.4852634
45.4496771,-73.4853921
45.4565489,-73.4803619
45.4474943,-73.4850381
45.4551637,-73.4850703
45.4407577,-73.4934817
45.4428278,-73.4936228
45.4456581,-73.4933867
45.4409459,-73.4940412
45.4407009,-73.4939872
45.4458007,-73.4959171
45.4447243,-73.4959600
45.4418868,-73.4936212
45.4568004,-73.4940786
45.4570665,-73.4937134
45.4571516,-73.4934747
45.4562000,-73.4947752
45.4555726,-73.4946486
45.4549656,-73.4946761
45.4558898,-73.4945978
45.4550132,-73.4947465
45.4554643,-73.4948483
45.4496286,-73.4945905
45.4498400,-73.4945148
45.4488608,-73.4935156
45.4490329,-73.4933853
45.4559200,-73.4948718
45.4544962,-73.4947674
45.4493486,-73.4944666
45.4489981,-73.4940517
45.4489368,-73.4938861
45.4488288,-73.4931843
45.4504760,-73.4946574
45.4508100,-73.4946787
45.4676768,-73.4923294
45.4597287,-73.4933890
45.4598554,-73.4933828
45.4594057,-73.4933995
45.4572140,-73.4922248
45.4489467,-73.4713848
45.4489730,-73.4714009
45.4489805,-73.4713768
45.4490069,-73.4713607
45.4490389,-73.4713634
45.4491649,-73.4714760
45.4566871,-73.4851574
45.4560162,-73.4685051
45.4510169,-73.4784190
45.4523594,-73.4790216
