[139]
[153]
[205, 233]
[255]
[6]
[139, 133]
[235, 235]
[289, 256]
[182, 14]
[110, 233]
[296, 296]
[139, 133]
[120, 206]
[210, 77]
[157, 116, 282]
[192]
[236]
[111, 237]
[265]
[280, 270]
[32, 80, 123]
[13, 11]
[277, 267, 275, 277]
[250, 139, 229]
[186]
[89]
[291]
[56]
[268, 248]
[273, 155]
[257]
[223]
[135]
[115]
[124]
[56]
[155, 129, 155]
[184]
[38]
[101]
[221, 57, 154]
[206, 206, 246]
[148]
[209]
[155]
[148]
[226, 226]
[190]
[292, 268]
[261, 269]
[252]
[89, 217]
[71, 71]
[188]
[75]
[188, 176, 188, 225]
[105]
[281, 75, 222]
[10]
[53, 110, 167]
[270, 292]
[209, 209]
[32]
[207, 207]
[140, 66]
[39, 43]
[69]
[297, 158, 288, 296, 299]
[138]
[249, 249]
[248, 207, 248]
[250, 229, 279]
[44]
[124, 36, 156]
[154]
[225, 188]
[56]
[35]
[115]
[32, 32, 123]
[99, 153]
[244, 282]
[210, 269]
[53, 110, 150, 167]
[161]
[225, 286]
[201]
[110, 53]
[127]
[190, 190]
[297, 294]
[29]
[291]
[102, 73, 238]
[278, 18, 141, 282]
[220, 84, 220, 233, 234]
[184, 84]
[210, 77, 280]
[247]
[222, 281]
[38]
[24, 222]
[26, 85]
[17]
[232]
[55]
[183]
[177, 177, 205]
[134, 121]
[228, 79]
[151, 23]
[11, 32]
[272, 93, 272]
[156, 238]
[82]
[34]
[243, 187]
[13, 11, 13]
[83]
[205]
[292, 291]
[263]
[96, 260]
[3, 165]
[229]
[66, 66, 140]
[181, 261]
[110, 233]
[283]
[52]
[236]
[238, 169, 238]
[2]
[273, 155, 276]
[96, 96]
[41, 41]
[42]
[167, 53]
[9, 99]
[167, 191]
[210, 210, 269]
[244, 282]
[234, 169]
[141, 141]
[136]
[8]
[155, 115]
[210, 77]
[262, 245]
[186, 158]
[86]
[170, 104, 296]
[111]
[246]
[140, 292]
[148, 211]
[248]
[52]
[291]
[18, 108]
[228, 112]
[27, 133]
[279]
[130, 83, 130, 292]
[285, 298]
[286, 137]
[39]
[294]
[129]
[175, 159]
[223, 44]
[161, 161, 298]
[63]
[277]
[24, 222]
[230, 255]
[1, 151]
[1]
[137]
[48]
[192, 183, 298]
[231, 252]
[200]
[11]
[121, 134]
[254, 254, 264]
[11]
[68, 68, 147]
[27]
[187]
[195]
[20]
[232, 86, 103]
[228, 274, 287]
[288, 293]
[70]
[126]
[116]
[204]
[146, 146]
[55, 270]
[214]
[237, 282]
[217, 89]
[166, 151, 166]
[131, 197, 243]
[172]
[130, 97, 98]
[63]
[157]
[112, 189]
[213, 261]
[82]
[70]
[57]
[155, 115, 129, 262]
[273, 165, 273]
[260, 82, 225]
[282, 157, 278]
[127]
[33]
[161, 153, 281]
[47]
[268, 266]
[190]
[210, 280]
[141, 125, 143]
[99]
[267, 258]
[230]
[178, 191]
[40, 40]
[96]
[148, 211]
[99]
[224]
[295, 294]
[157]
[188]
[21]
[274, 218]
[49]
[50]
[22]
[2, 191]
[150, 271]
[217]
[105]
[284, 209, 258, 290]
[204, 232]
[205, 177]
[256, 232]
[69]
[103]
[66]
[233, 110]
[30]
[78]
[31]
[198]
[148]
[129, 155]
[87]
[272, 93]
[147]
[287, 282]
[110, 227]
[185, 185]
[40]
[295, 252, 292]
[202]
[203]
[3]
[295, 243]
[40]
[119]
[20, 20]
[190, 248]
[18]
[289]
[90, 231]
[107, 215, 246]
[58, 229]
[220, 180, 197, 233, 245]
[156, 182, 204]
[241]
[100]
[247, 285]
[287, 54, 228, 297]
[173, 180]
[276, 273, 276]
[16, 16]
[220]
[262]
[89, 25, 89, 271]
[256, 232, 296]
[4]
[221]
[147, 14, 68]
[229]
[231, 189]
[181]
[291, 258, 282, 291, 292]
[203, 290]
[259]
[196]
[94]
[81, 179]
[163, 273]
[185, 185]
[125, 131, 141]
[237]
[50, 50]
[50]
[60]
[266, 21]
[57, 221]
[75]
[45]
[255]
[39]
[79]
[2]
[202, 202]
[119, 119, 289]
[160]
[103, 115, 215]
[277]
[244]
[17]
[21]
[215, 67]
[122]
[280, 280]
[172, 123, 286]
[100, 13, 178]
[157, 157]
[227]
[253]
[232, 63, 204]
[213, 213, 238]
[146]
[213]
[104, 170]
[297, 236, 288, 297]
[143]
[145, 272]
[28]
[240, 246]
[145]
[67, 172, 215]
[267, 189, 208, 276]
[178]
[60]
[182]
[83, 137]
[131]
[20]
[160]
[129]
[141]
[211, 292]
[174]
[182]
[243, 234, 243]
[176]
[207, 229]
[64]
[272, 292]
[212]
[38, 38, 209]
[18]
[142, 260]
[154]
[218, 217]
[234, 70, 169, 234]
[271, 104]
[61]
[78]
[28]
[125, 180]
[257]
[98]
[139, 198]
[171, 75]
[183]
[1]
[153]
[100]
[217]
[47]
[128, 104]
[296]
[201, 17, 289]
[198]
[77]
[281, 75, 165, 221, 233, 265]
[279, 274]
[52]
[27, 27]
[28]
[68]
[205]
[18, 108, 166]
[253, 250]
[296, 296]
[235, 130, 235]
[224, 174]
[235, 130]
[25, 76]
[220, 220]
[77, 63]
[77, 77]
[22, 265]
[40]
[98]
[38]
[256, 234, 239]
[165]
[162]
[284]
[210, 269]
[72, 72]
[294, 275, 294]
[54, 287]
[116]
[183]
[107]
[275]
[189, 162]
[100]
[236, 278]
[125]
[74, 140]
[44]
[271, 253, 276]
[31, 92]
[24]
[129, 155]
[190, 106]
[74]
[80, 159]
[49]
[238, 156]
[195, 195]
[245, 262, 267]
[139, 250]
[130, 56, 83, 98, 235]
[282, 281, 287]
[109, 127]
[153, 161]
[253]
[223]
[140]
[11]
[133]
[195]
[30]
[179, 106]
[86, 249]
[184]
[277, 257]
[25]
[260]
[273]
[280, 111]
[239]
[225, 260]
[266]
[147, 68]
[170, 170]
[172]
[30]
[293, 276]
[83]
[119]
[204, 265]
[206, 79, 120]
[18, 108, 278]
[16, 73]
[132]
[70, 2]
[34, 37]
[66]
[165]
[287, 276]
[272, 149]
[39]
[198]
[96, 96, 260]
[133]
[217, 114, 134]
[127, 109, 249]
[265, 254, 265, 281]
[57]
[140, 191, 292]
[71]
[170]
[34]
[212]
[53, 110]
[108, 34]
[199, 46, 55]
[290]
[124, 36, 156]
[38]
[160]
[114]
[150, 53]
[151]
[169]
[132, 132, 184]
[146]
[57]
[224, 253]
[170, 170, 262]
[157]
[289, 189, 204, 273]
[196, 197]
[288, 288, 293]
[222]
[257, 277]
[249, 249]
[126]
[33]
[34]
[266]
[216, 216]
[163, 273]
[289]
[33]
[92, 260]
[134, 134]
[127, 194]
[229, 229]
[53, 150, 167]
[201, 289]
[15]
[111, 111]
[184, 132]
[278, 18, 282]
[86, 36, 86]
[260, 124, 260]
[183, 183]
[103, 103, 232]
[177]
[151, 71, 151]
[219, 219]
[168, 105, 261]
[279, 291]
[0]
[147]
[2]
[80, 96]
[191, 178]
[6, 154]
[29]
[87]
[14, 14]
[79, 79]
[12, 12]
[210]
[268, 212]
[112]
[224]
[165]
[267, 265, 276]
[14, 147]
[241]
[186]
[12]
[245]
[3]
[236]
[19, 19, 130]
[146]
[176, 188]
[226]
[66, 66, 251]
[191, 191, 288]
[229]
[264]
[182]
[106, 190]
[117]
[46]
[126]
[10, 10, 139]
[232]
[18]
[186, 158]
[211, 279]
[13, 13]
[241, 241]
[238, 102, 169, 238]
[246, 4, 107]
[152]
[198, 139, 199]
[170]
[71]
[247, 297]
[170, 262]
[21]
[271, 181, 276]
[193, 141, 252]
[28, 299]
[268]
[27, 27]
[140, 140]
[159, 80]
[74, 74]
[97]
[68]
[16]
[198]
[193]
[277, 249, 267]
[278, 278]
[236]
[28]
[93]
[282, 278, 281]
[145]
[297, 122, 287, 294, 296]
[37, 24, 182]
[170]
[198, 139, 198, 199]
[229, 250]
[292, 140, 260]
[188, 176, 288]
[142]
[146]
[138]
[35]
[271, 271, 276]
[153]
[29]
[83, 83]
[9]
[121]
[120]
[95, 95]
[144]
[73, 65, 102]
[202]
[51]
[210]
[30]
[128]
[23, 23]
[163, 163, 273]
[171]
[45, 45]
[195]
[114, 217]
[223]
[47]
[175, 144]
[229, 207]
[107]
[226]
[288, 143]
[84]
[158, 16, 158, 297]
[166]
[193]
[218, 214, 246]
[227, 229]
[225]
[281, 165, 222]
[260]
[219, 219]
[228, 228]
[170]
[212]
[35, 106]
[251, 66, 180, 267]
[258, 267]
[159, 175]
[119]
[210]
[116]
[40]
[95]
[53]
[111, 111]
[21, 13]
[170]
[247, 257, 285]
[224, 253]
[215, 107]
[189]
[212]
[254, 243]
[150, 53]
[207]
[236]
[141]
[83, 75, 83]
[98]
[159, 175]
[273]
[136]
[2]
[281, 75, 161, 194, 281]
[241, 113, 255]
[130, 83]
[25]
[112, 228]
[127]
[28, 299]
[258, 284]
[259, 212, 293]
[77]
[192, 192]
[191, 288]
[209]
[99, 162]
[190]
[154]
[75, 171]
[15, 243]
[75, 7]
[27]
[90, 90, 231]
[210]
[124, 118, 156]
[189]
[61]
[201, 17]
[210]
[155, 155, 273]
[188]
[169, 234]
[156, 182, 204]
[19, 130]
[291, 292]
[229, 58]
[214, 22]
[45, 28]
[53, 110]
[39]
[150]
[27, 223]
[15, 243]
[58]
[27]
[220, 197]
[168, 168, 169]
[1]
[154]
[183]
[76, 106]
[77]
[209, 38, 209]
[266]
[202]
[85]
[250]
[164, 164]
[288, 211, 297]
[69]
[209, 242, 283]
[111]
[125]
[85]
[3, 233]
[138]
[290, 299]
[289, 287]
[191]
[60]
[284, 288]
[178, 100]
[229]
[28, 28]
[214]
[46]
[234]
[129]
[238, 59, 102]
[172]
[151, 1, 23, 265]
[85, 26]
[147, 68]
[169]
[17, 201]
[96]
[94]
[57]
[107]
[271]
[121]
[65, 108]
[114, 217, 275]
[84]
[106, 106]
[224, 174]
[133]
[235]
[74]
[10]
[97, 130]
[35]
[102, 89]
[191, 167]
[296, 286]
[258, 249, 284]
[198, 199, 293]
[173]
[18, 166]
[241, 113, 241]
[130, 83]
[24, 24]
[139]
[114, 275]
[36]
[27, 133]
[3, 233]
[218]
[166, 151]
[22, 22, 265]
[66]
[191, 140]
[35]
[234, 220]
[103]
[142, 199, 216]
[269]
[276, 267]
[134, 134, 279]
[235, 235]
[126]
[217, 218]
[234]
[66]
[123, 77]
[33]
[251, 267]
[218, 274]
[225, 188, 286]
[79]
[217, 292]
[260, 261, 292]
[166]
[16]
[105]
[14]
[113]
[11, 11]
[173]
[161, 153]
[49]
[13]
[204]
[251]
[252]
[21, 21]
[133, 133]
[1]
[247]
[213]
[36, 36]
[255]
[75, 7, 281]
[219]
[26, 26, 85]
[177]
[178]
[99]
[204, 131]
[200]
[156, 204]
[203]
[154]
[213, 261]
[5, 5, 242]
[19]
[63]
[36]
[168, 261]
[165, 84, 281]
[157]
[210]
[252, 294, 295]
[279]
[80]
[9]
[217, 43, 134]
[190, 177]
[8, 20]
[97, 28, 122]
[218, 82]
[50, 137]
[157]
[213, 273]
[112]
[281, 222]
[141, 141]
[161, 161]
[101]
[71]
[197]
[257]
[133, 139]
[87, 87, 200]
[150, 150]
[180, 220]
[29]
[69]
[258, 164]
[286, 283, 295]
[231]
[209]
[200]
[212, 269]
[175]
[105, 105, 149]
[164]
[216]
[175]
[251, 180, 233]
[122]
[142]
[168, 168]
[63]
[149, 105]
[246, 218]
[277]
[266, 21, 283]
[54]
[211, 78]
[267]
[4, 246]
[51]
[250]
[120]
[8]
[204, 131, 156, 180]
[196]
[0]
[177]
[46]
[105, 140, 149, 168]
[247, 247]
[203]
[131, 197]
[102, 89]
[228, 112]
[276, 206, 273, 276, 283]
[16, 73]
[158]
[279, 274]
[68]
[134]
[221, 221, 281]
[47, 259]
[84, 165, 184]
[7]
[213]
[265, 244, 254, 294]
[106, 190]
[218, 38, 274]
[243, 15, 248]
[195]
[140, 140, 293]
[227]
[171, 252]
[40]
[18, 18]
[68]
[126]
[247]
[102, 142]
[231, 200, 252]
[84, 220]
[136]
[68]
[254, 116, 264, 265]
[230, 250]
[144, 144]
[281, 75, 281]
[110, 53, 110, 216]
[275, 275, 297]
[32, 11, 32, 80]
[81]
[254, 116, 264, 265, 279]
[87]
[256, 234, 296]
[208, 162]
[289, 273]
[174, 222]
[34, 108]
[4, 246]
[285, 215, 233]
[10, 139]
[186]
[26, 85, 165]
[289, 119, 290]
[28, 45]
